669307468
669307467
669266795
669266793
669222334
667273405
75274379
75213441
75180950
75164335
74756792
44889075
44888553
44888551
44888486
44888485
44888348
13638437
115845
115844
664736177
664736175
664736173
664736171
664736169
664736167
664736165
663278853
663278850
663278847
663278839
663053150
662538681
662523149
662518075
662506190
590724626
590724622
590724619
590636232
590633020
590620580
590620576
590620573
590614219
590584040
590575515
590575512
590575508
590575504
590575500
590575496
662201846
661897900
661888750
661885968
661878989
661877532
661877068
661874569
528891991
661184528
661179374
660966880
659122739
659122737
659121698
659099091
659099089
659099087
659097597
659097595
659097593
659097591
659097589
659084527
659084525
659078110
658857664
658857662
658857660
658857657
658165607
293331313
226510315
658064245
658064243
658064241
658064239
658064237
658064235
658055131
658049514
658049512
658049510
658032034
658029558
658023040
658018150
658017370
658005226
658005224
658005222
658005220
658005218
658005216
657999118
657989807
657982715
657967144
657961259
657949752
657947213
657764050
657764048
657764045
657764042
657764039
657529420
657529417
657529414
657529411
657529408
657529405
657529402
657529399
657529396
657529393
657529389
657400216
657397892
657393303
657393302
657379978
657373351
657372614
355486599
355483571
355483570
355479374
74997143
68067398
68067380
122217
115846
657009066
656917825
649120144
656185927
655841226
655841223
655841219
655841216
655841213
655841209
291396178
291396176
654164476
530279101
530279049
530278823
530278786
530278767
530278732
530278707
530278687
530278665
530278621
530278068
530277892
648161718
647401085
645168899
645168794
645168621
645168591
645168490
645168481
645168455
645168451
645168440
645167998
646393078
646306706
646300055
332078245
332078244
148879356
3879640
645274125
645274123
645271775
645250566
645243994
645243992
645243989
645243987
645243985
645243982
645243980
645243977
645243975
645241936
645241934
645241931
645238258
645011794
645011792
645011790
645011788
645011786
643737367
643733878
643727805
643726126
643724683
643713038
643705966
345494838
642919805
642122012
641981853
641864739
641864738
641864737
641864736
641864735
641856503
641856502
641856501
641856500
641856499
641856498
641851778
641846218
641846217
641842340
641842339
641842338
641842337
641842336
641842335
641842334
641834718
641834717
641777880
641777877
641777875
641777873
641777871
641777869
641777867
641777860
641720956
641676163
641655928
641580678
530643366
530643356
530643354
530643352
530643350
530643348
189236433
640923848
640807616
640807614
640807612
639574643
639560310
637295951
637295946
637295941
637295937
637295933
636749799
508785427
508783071
508783070
508783069
508783068
508783067
508783066
508779939
508779938
508779937
508778242
508717415
508716610
508704783
508704782
508704781
636606531
636588987
636584313
161016831
84029364
81174955
81174954
75191640
75161428
75146690
74854909
6754848
635507743
635362159
130137
635095265
635095263
635095261
635095259
635095257
635095255
635095253
635095251
635095249
635095247
634835423
634835420
634835417
634353343
226501698
149387212
148232437
119624426
119624425
119624424
119624423
119624422
119624421
119624420
119624419
119624418
633055596
633043539
632963028
632963026
632915289
576698371
631373712
631239732
630970416
630919211
630909925
630349147
630188464
630008709
629717486
629698379
629643226
629126011
629126010
629125791
629114776
629104342
629104341
629104340
629100339
629084815
629081772
629081753
628832069
628324121
628315332
628298893
628247143
628203019
628073255
627819403
627812111
604348100
604334598
604320412
604317256
604316944
604311890
604299188
604299187
604298016
625292419
625292417
625292415
625292413
625292411
625292409
354499419
620973882
620973879
620973877
620973875
620973873
149626193
149626191
614552861
614552849
614552834
614552791
618810309
618018842
618018839
618018827
618018824
432864862
405120167
617632673
617457946
617457943
617457939
617457936
617457933
617457929
615474185
615407900
75057828
612395923
119370556
44888319
44888317
567173229
567173226
567171043
567146251
567122392
567122388
126309829
557998100
607985639
607973884
607961660
607949527
607937495
607925599
607913521
607901395
607890024
607866849
607363662
602692286
602692283
602692281
602692279
602692277
602632346
602632344
602632342
599381089
599356423
599151217
599100316
598063507
598049057
597974599
597927082
597876461
597876460
597865794
597865793
597741835
597741833
597741831
597741829
597574221
597572225
596008679
596008666
595960311
595878242
595874000
595810004
595809325
596727255
596551199
146325830
146325829
595775572
595504766
595479088
594720179
594626682
594626680
594626678
594626676
594626674
594626672
594626670
594626668
594626666
589115887
7662342
594091651
594091649
594091647
594091645
594091643
594091641
593799897
593799895
593799893
593799891
593793014
593793012
593783135
593700083
593692318
593690360
593690358
593560473
593560007
593266616
593266614
593263276
593263274
593263272
593263270
591378040
591378038
591378036
591378034
591378032
591378030
584414364
557721443
63079683
63079680
593759473
593759471
593759469
593759467
593759465
593759463
593759461
593759459
593759457
303301786
591498443
591498442
591498441
591498440
591498439
591480614
591480613
591480612
591480611
591454614
591454613
591454612
591454611
591454610
591415050
591415049
591415048
591415047
591415046
591415045
591415044
443899217
591318021
591318019
591318017
591318015
591318013
591318011
586760163
586726174
586706726
586675285
586642681
392998178
590059088
590059087
590059086
590059085
590046721
590046720
590046719
590046718
590046717
590046716
590046715
590046714
590013362
590002726
589991959
589973123
589968960
589968958
589968956
589272146
11496974
4505389
588891834
588259014
587954428
587925725
587917193
587905122
587886424
587848651
587842192
587838998
587754762
587754761
587754760
587754759
587754758
587719890
587719889
587719888
587719887
587719886
587719885
587719884
587719883
587704702
587704701
587704700
587704699
587704698
587704697
587704696
587671055
587671054
587671053
587671052
587671051
587671050
587671049
587671048
586986474
586986472
586986470
586986468
586986466
586986464
586986462
363814344
358249274
351727963
351725701
114052348
109627663
40789094
40254321
34328156
28827782
19424342
13928750
6981268
586732465
146325828
146325827
66773866
1708115
556515316
555936393
586556393
586556391
586556389
586556387
586556385
586459684
586459682
586459680
585720195
585720191
585718765
585718761
291223963
584431987
584431984
584431982
584431980
584431978
584431975
584431973
584431971
584431969
584431966
584431964
584431962
584431959
584431957
585199123
585111178
584392306
584127568
584127567
584064003
584064001
584063999
584063997
584063995
584063993
583980637
583980635
583980633
583980630
583980628
583980626
583980624
583225223
583214600
582957775
579333324
579121503
578493075
577718929
577149747
577142018
576985476
576937398
576920101
62460610
576034058
575520739
42573355
42573353
30691872
30691791
30684143
18416875
575481846
334182653
79321208
42573291
42573289
42571521
42571519
30686189
18402799
15240069
15231767
15230027
15221050
15220163
575065112
575000559
574991707
574987450
574980191
574973782
574967272
574747000
574584517
224284716
574463915
574463914
574463913
574105335
574105334
573979026
573964180
573964148
573964146
573951319
573925797
573925606
573925280
573925278
573923831
573920787
573880657
568455600
573068212
573029591
343168802
572313090
572313088
572313086
572273015
571559144
571559137
571559133
571559130
571559127
571559124
571532045
571524376
571519413
571519409
571518202
571515125
571515121
571515117
571515114
571515110
571512054
571512051
571512045
571476676
571476013
571476011
571474281
571463933
571463931
571463929
571463927
571463925
571463923
571455868
571455865
571442433
571442431
571442427
571442425
571440881
571440879
571440877
571440875
356572639
356566267
356560145
356556318
356555883
356555881
356552338
356547919
356547917
356547915
356544165
356533053
356533051
356530421
356527208
356512572
356505445
356505443
356500581
130485183
110750876
50540532
570983710
570983709
570983708
570983707
570983706
570983705
570983622
570983621
570950158
570950157
570950156
570950155
570950154
570950153
570950113
570950112
570326300
570326299
570326298
570326297
570326296
570326295
570326255
570326254
566214697
566209112
566209110
566209108
566208842
566194687
566186641
566186639
224104159
566177473
566177471
566177469
566177467
566174579
566153413
566153411
566151269
224087951
224059558
224056517
569417881
568999304
568999302
568999300
568999298
568999296
568999294
568873601
568873599
568873597
568858671
568856074
568832816
568832814
568832812
568832810
568827947
568827945
568827943
568827941
568823094
568528517
568528516
568301051
568292373
568254229
398684290
568114519
568106506
568106505
568106421
568106420
568106419
568106418
568106417
568106416
568048349
568048348
568048347
568048346
568048345
568048344
568048277
568048276
568017928
568017927
568017926
568017925
568017924
568017923
568017861
568017860
567988711
567988710
567988709
567988708
567988707
567988706
567988640
567988639
567959991
567959990
567959989
567959988
567959987
567959986
567959925
567959924
567913199
567913197
567913195
567913193
567907629
567907627
567907625
567907623
567893179
567893177
567874913
567867981
567867979
567857492
567212461
567212458
567202704
567202701
567199453
567199449
567199446
567196607
567131488
566022693
566022692
566022691
566022690
566022689
566022688
566022652
566022651
565937341
565496034
565495646
565402132
565396064
565396062
565396060
565392123
565392121
565373997
565372881
565372879
565369992
565369990
565369215
565369213
565369211
565369209
565369207
565369205
565363447
565357224
565357222
565352032
565344136
565485787
565481372
565481178
565481176
565480802
565474762
565474760
565460906
565460884
565460882
565316909
564367072
564367070
564367068
564367066
564367064
564367062
564358820
564276338
564262547
564262545
564262543
564262541
564262539
564262537
564262535
563295984
429964290
342320372
562976223
562838961
562838959
562838957
562838955
562838953
562838951
562838949
561036450
561036449
561036448
561036447
561032961
561032960
561027962
561023744
561019924
561018971
561018970
561015601
561015600
561008531
561008530
561006817
561006816
561006815
561006814
560959273
560959271
560959269
560959267
560959265
560929084
560929082
560929080
560929078
560929076
558855441
558192342
558192337
558192332
558192328
558192324
558192318
558145152
558145149
558145145
558145143
558145139
558145134
558145130
558145126
558145121
557757815
557551524
557551523
557551522
557551521
557548739
557548738
557548737
557548736
557541306
557541305
557532103
557528603
557528602
557523302
557284614
557284612
557284610
557284608
557284606
557284603
557284601
557284599
557111792
557111791
557109187
557109186
557108284
557108283
557108282
557107479
557100860
557100859
557100214
557093235
557089288
557087049
557087048
556963734
556963731
556963728
556963725
556963722
556963719
556963716
556747273
556747271
556747269
556747267
556747265
556747263
556108786
556108184
555968940
555968938
555968936
555968934
555968932
555690178
554911571
554808086
554808084
554808082
554808080
554808078
554808076
554589077
554589075
554589073
554589071
554589069
552937613
552934793
552922949
552821861
414592048
414592047
414590835
414590834
28927227
414887546
414878001
414872464
414872251
414872250
414872249
414871738
414871736
414871735
414871734
414868993
414868990
414868949
414868948
414867204
414865102
414865099
414865098
414865097
414865096
414865095
414865094
414865093
413939164
413939163
413933836
413933601
413933600
413933599
413933598
413933370
413919525
413919524
551569500
551566882
551499692
551499690
550848222
550844131
550844130
550844128
550844127
550844125
550844124
550828162
550804189
550349150
550349149
550348302
550336812
550336811
550336810
550336809
550335505
550331175
550331174
550328048
550321009
550321008
550321007
550320894
550318258
549922836
549922833
549922827
549922824
549922821
549922818
549922809
549922802
549922791
549922786
549922782
549922779
549922773
549829684
549829358
549829200
222854246
222849749
222847164
222846149
388852829
548857836
548853161
548848772
548840799
548830761
548517034
548517032
548517030
548517028
548373334
548373328
548373323
548373318
548373313
548373308
548373303
546682444
545888784
545888781
545888776
545839495
545839490
545839487
545839482
545839462
545839459
545839456
545839453
545839450
545839447
545712218
350596180
350596176
350586606
350586604
317147542
317035420
545519005
545519003
545519001
545518999
545518997
545518995
545518993
545518991
545518989
545518987
545518985
545371951
545198201
545198198
545198196
545198194
545198192
149732171
73972773
544428129
544428127
544428125
544428123
544428121
544428119
544428117
544428115
544160206
543177726
543177487
543748724
543748722
543748720
543748718
543748716
543372374
543372372
543372370
543283052
543283050
542210533
542210531
542210529
542210527
542210525
542210523
542210521
542168546
542168544
542168542
541993818
541993815
541993812
541993809
541993806
541046714
539437769
537260435
533150999
533150997
533150995
533150993
533150991
533150989
533150987
525585178
521038205
494824776
440640202
57530503
45360429
532512178
532512176
532448025
532348009
532348007
532272612
532272610
532214955
532214953
211581673
170942259
532065837
532065835
532065833
532065831
532065829
532033682
532033680
531986894
531986893
465795329
212000015
530740092
530740091
530542893
530460056
347006969
529439949
529439947
529439945
529439943
529439941
528314752
529003136
529003134
529003132
529003130
529003128
529003126
529003124
529003122
528756980
528494695
528494693
528487704
528487702
528293424
528064650
527299059
527249164
527249162
527249160
527249158
527208029
527204995
527182249
526197245
309362574
309358694
523584501
525023694
525023692
525023690
525023688
525023686
525023684
525023682
525023680
525023678
525023676
525023674
525023672
524941465
524941461
524941457
524941453
524941449
524905966
524883576
524883574
524883572
524883570
523781106
501307420
332642918
332641935
332640759
332197258
332194935
332193113
332193112
332191490
332191489
332191488
332191487
332004437
332004436
332004435
332004434
332003644
332003643
332003642
330253919
521774180
521727258
521582740
514690159
518951368
517311206
516425030
514821681
514821679
514821677
514821675
514818689
514818687
514818685
514815096
514815094
514815092
514814657
514814655
514814653
514776688
514776685
514776681
514776677
514776673
514776669
514776665
514776661
514776657
514776653
514776649
514776645
514776641
514776637
514755243
514755092
514755088
514735822
514735818
514735814
514735810
514724438
514724434
514718835
514468547
514468545
514468542
348576296
348576294
320165964
512969025
512969023
512969021
512969019
512969017
512969015
512891393
512891387
512891382
512891376
512891370
512891365
512891207
512891201
388581000
512207437
512186715
511970805
511830654
511830652
511830650
511830648
511830646
511830644
511830642
511830640
511830638
511830636
511830634
511830632
511008630
511005692
511002132
510909003
507924494
507924492
507924490
507874678
507874550
507874536
507874523
507872444
507872310
507872248
507872085
507871836
507871512
507871474
507681912
507681908
507681904
507617520
507617518
507530982
507530980
507530978
507530976
347838526
505855995
505855993
505855991
505757928
504157767
504157765
504157763
504157761
504157759
502165202
502165200
502165198
502165196
502165194
502165192
502158003
502158001
502156348
502156346
502129141
502129138
502129136
502122230
502112191
502081419
502080083
502080075
502080070
500257343
498998776
498998772
498998768
498998764
498998760
498998756
498998752
498998748
498998744
498998740
498998736
488542705
488542703
488542701
488542699
488542697
488542695
485925480
485621838
485620758
19112283
484853826
483503713
482812107
482810618
482574367
482574173
482569243
482567035
482566938
482566937
482566750
482563730
482563729
482557158
482557147
482557146
480520986
399164362
293334393
226509064
226502985
226501636
226499902
226494883
213513318
212723474
212720980
212275023
47551281
358056971
197097488
478499810
478499808
478499806
478499804
478252790
477590640
477526193
477510105
475614277
475609246
475569501
475548121
475482337
474436811
474314952
474185626
474066416
473981251
473887256
449330164
472584780
472463325
472395783
472395781
472395779
472395777
472237821
471388920
471388917
471388914
471214976
470288506
470244264
470604599
470604597
470516003
470490706
470465866
470317328
470141640
470135748
470135199
470115608
470111086
470111084
470102321
470102319
469609862
469609844
465996766
465996732
465996728
465996726
465996723
465970355
440802553
440800229
440798503
125490337
462414957
462414956
462413028
462408125
462407936
462398534
462398425
460412591
460411071
460411069
460408686
460407522
460399055
460379650
460374739
460367544
460367542
460365538
460365249
457870998
459657431
355707178
459366143
392887202
392887200
392887198
453088270
452988258
452848213
452824894
452001525
451849707
449709622
449634560
449634003
449633742
449490561
380350921
224085330
449546494
449528233
449490734
449488843
449482511
449476488
449476058
449465501
449450972
449442527
449437876
449436305
449433676
449433674
449297355
449282330
448511670
448084742
448080260
387513650
349605067
444725504
444319901
444302133
443923538
443715408
443709477
443861462
443857547
400602686
395332739
393230359
393217129
392593663
392580442
392569878
390601966
389741922
387597376
387541778
383418629
383418627
383418625
380813102
380785513
378755306
307766392
392862183
332234314
332234312
332234310
440905517
440493867
440489016
440468056
440302586
296474437
291167157
431838391
430814346
429961506
429847982
428672274
426353072
426250257
426250255
426250253
426250251
426197407
425784007
425781859
380096154
415014054
414975376
412991161
410899551
410562976
410562973
410348480
410348478
410300568
410255636
410255634
410214608
114607341
114607339
114607335
409044877
408400653
407915682
358373718
407034885
406867560
406866001
406694141
406601598
405972605
405957759
389583738
403419668
403343149
403261816
403261814
403173119
402866947
402866945
402589282
402469910
402224406
402073707
402073706
401884534
401838593
401825853
58266040
344244143
351707897
255677529
113649800
113649768
113623156
113611776
255671284
113549450
113549245
113548818
113547603
350295498
336465203
378733272
324518846
332026308
387593716
336371865
344304938
396081143
355748541
355561675
398412015
322792376
311325931
307180434
396472622
346324375
341038668
328869002
328862763
328769549
327349570
326460422
326429440
322708995
322693986
320592047
313229537
313217982
313212423
310790637
307105609
300175793
298708278
297340322
297339470
297338800
297334735
297330369
297329117
297328706
297327193
297319418
297317057
297308248
297307948
295629560
281350271
397526946
397526944
395832321
346999079
344228540
336384615
300104057
238844999
218199996
218199117
218193573
218193029
218191671
218187262
125560458
125545068
125542610
125537387
395534091
325087407
311343049
297678076
297678074
297678072
261357359
239608368
239586596
341903740
341893671
339477224
296089371
229293743
220731565
218713885
218712291
210069386
187985482
164647176
375170134
348677621
348677566
297746308
297743031
297740816
297739684
297738597
297736254
262108439
262108404
256735326
238878800
223547407
223546530
223543098
223539430
223537600
223536641
167881904
167871561
159129861
108862954
108862953
77557086
390986493
351641281
340513822
284085854
241944274
241944242
241939710
241934478
241926544
241924858
241921555
241919624
241918022
237902129
226520798
226454704
215494974
212505602
154697061
149069490
149069489
119409088
119403826
114190376
111056325
108710556
108710555
108710554
108710095
108708771
108708770
108708769
108708768
108706462
108706461
108706460
57226409
56468143
19168775
391873053
391331389
223945055
224035509
224035201
224032219
224031297
224028995
224028449
223974905
223948833
223946201
223945427
219884965
194705654
194705586
194699748
194699260
194698440
194695796
194695138
194692356
194689464
296198111
389642191
229594815
4587559
388523195
388523193
388523191
388523189
388523187
388523185
388523183
388523181
388515513
388507648
388498772
222625613
222625468
222625108
222623765
125602482
125585113
110289051
323450280
317460133
240132746
220694047
384500976
384499059
384484096
321458775
308251867
300264819
300169248
300166419
270005402
238852296
225554467
222637428
222617489
217405202
190582855
165904636
162688385
158593830
156227912
156203155
150409214
148691669
148691668
148691667
146448302
144582707
125599173
125580056
88181887
23496127
343770905
342302328
385302453
384252470
383853515
302565362
49651645
380488969
380014871
126631483
94534791
71679782
71679751
63100566
58476432
49903860
38174748
34783724
24660184
20988217
49657160
378490008
378489874
378489812
378489649
378489400
378489076
378489038
378488455
378487507
378487506
359377102
359376003
374255464
374255268
374255034
3925761
6634774
367042874
367020834
366993393
365990603
358333552
360043327
359484449
359478376
225463280
225450115
225444037
225442180
358391557
358378054
358348703
357625125
357460373
357460371
357454541
357454539
357448495
357448493
357440097
66853442
357161613
357155879
357137877
357122014
357120262
357120260
357120258
357118482
357113806
354546454
351534979
351534978
351534976
351534975
351534974
351534973
351534928
351534927
351534926
351534924
351534620
351534550
351534394
351534288
351534281
351534163
351534162
351534160
351534159
350636312
350400660
312215738
343157308
306478650
345566331
324329852
324329850
344263783
344263781
343428274
342874365
328352991
340711012
321257646
336274234
336167553
336167436
336167435
336167434
336167363
336166942
336166891
336166890
336166614
336166558
83770073
326529877
326512440
326510779
326506546
326500942
326493748
326489577
330923057
330864451
330864391
330864385
327305465
326922732
134082427
259483864
124390889
124420128
315046576
314667597
314667271
314667113
21389663
20148233
6714441
257136301
312283199
312282423
20334742
312071091
1449406
46105448
308490614
74224275
74150784
12836120
209156108
303388823
303321814
303288696
302836700
302764368
302757928
302681369
302664582
145356495
302926896
302496281
302411242
301788750
301788748
301788746
301095822
301095752
300709111
300648042
300648040
300648038
300648036
300648034
300648032
300648028
300648026
300648024
300648022
300648020
300648018
300648016
300593015
300593013
300593009
300593007
300593003
300593001
300568802
150865956
169847578
45861221
45861219
45861217
45861215
45861213
45861211
45861209
45861207
45861205
45861203
45861201
45861199
38640734
2078504
1336841
1336840
1173618
1173616
310665
203357
200044
200042
183782
173425
116508485
297853198
297851494
297850154
297842025
297833294
297830790
297829968
297826943
297811395
297806673
297789260
297788781
297721605
297606762
115489612
115489548
115475181
115473283
115454757
115454347
115453493
115451063
109071071
296805746
296412109
65303562
171684597
50425789
294540676
294540542
294540480
294540317
294540068
294539744
294539706
294464631
290979113
291187940
291173682
257222975
257222973
257222971
257222969
257222967
257222965
257222963
257222961
257222959
257222957
257222955
257222953
257222951
257222949
257222947
257222945
257222943
257222941
257222939
257222937
257222935
257222933
257222931
257222929
257222927
257222925
257222923
257222921
257222919
257222917
219964851
111308018
92097664
56756042
32967223
27552556
14579223
7141243
4731314
3170223
284894018
284894160
284894032
284894005
66812062
167773985
281205288
238495863
57222442
53370700
28209479
340419
281015035
281014976
223640710
170064558
170049880
109946479
107738403
28973313
28393728
21593284
21536874
18252959
15724232
14423440
3132473
8778470
269860251
268559860
261203195
260940204
260826878
260059987
260057794
260056213
260011065
260010733
260010549
260009797
260009796
260009565
260007359
260007264
259665606
259665604
259665600
259665598
259665594
259665592
259662457
259453810
259453808
259453806
259453804
259453802
259453800
259453796
259453794
259453792
259453790
259453788
259453786
259453784
258575363
124804012
257703732
257703730
257703726
257703724
257703722
257703716
257703714
257703706
257703702
257703700
257703698
257703696
257703694
257703690
257703688
257703686
257703684
257703682
257703680
257703678
257703676
257703674
257703672
257703670
257703668
257703666
257703664
257703662
257703660
257703658
257703656
257703654
257703652
257703650
257703648
257703646
257703644
257703642
257703640
257703636
257703634
257703632
257703628
257703622
257703618
257642798
257642796
257642792
257642790
257642788
257642782
257642780
257642772
257642768
257642766
257642764
257642762
257642760
257642756
257642754
257642752
257642750
257642748
257642746
257642744
257642742
257642740
257642738
257642736
257642734
257642732
257642730
257642728
257642726
257642724
257642722
257642720
257642718
257642716
257642714
257642712
257642710
257642708
257642706
257642702
257642700
257642698
257642694
257642688
257642684
257628511
257628507
257628503
226484730
226468580
156405513
156335544
255087210
60468198
255930995
255729504
255648158
255644824
255641009
255638811
255638418
255632930
255626301
255566171
255564393
255560677
255553570
255546029
255544876
242003511
254571773
196009856
242206911
219126400
242086312
242086248
242077182
242066716
242050846
242047470
242040613
242036751
242033547
238032794
242825605
242819963
213959162
213959160
213959150
213959148
241949299
241172455
240110598
239606045
168015666
34395137
228323758
228323624
228323562
228323399
228323150
228322826
228322788
228310047
228308425
228308422
222424028
221056120
225898641
225897938
116786514
169146252
169146251
220066789
219937083
219937081
219937077
219937075
219937073
219937067
219937065
219937057
219937053
219937051
219937049
219937047
219937045
219937041
219937039
219937037
219937035
219937033
219937031
219937029
219937027
219937025
219937023
219937021
219937019
219937017
219937015
219937013
219937011
219937009
219937007
219937005
219937003
219937001
219936999
219936997
219936995
219936993
219936991
219936987
219936985
219936983
219936979
219936973
219936969
219907723
219907721
219907717
219907715
219907713
219907707
219907705
219907697
219907693
219907691
219907689
219907687
219907685
219907681
219907679
219907677
219907675
219907673
219907671
219907669
219907667
219907665
219907663
219907661
219907659
219907657
219907655
219907653
219907651
219907649
219907647
219907645
219907643
219907641
219907639
219907637
219907635
219907633
219907631
219907627
219907625
219907623
219907619
219907613
219907609
182990399
182990283
182990282
162479664
162479663
162479662
162479659
162479658
162479655
162479641
162479640
162479639
162479638
162479636
162479635
162479634
162479633
162479632
162479565
162479560
162479551
162479550
162479548
155120836
155120835
145036351
145036292
125135826
125135824
125135822
125135818
125135816
125135720
125135718
125135717
125135715
125135710
125135708
125135706
125135704
125135702
125135417
125135407
125135390
125135388
125135386
218576540
217330692
195655347
195645138
195641734
195639800
195635603
195634709
195625280
195624728
195624530
195616302
195613940
195609808
195609780
195608778
195608148
215765507
215741212
215707156
215697644
215697400
215694400
215692760
215678747
213402391
212538977
167376470
145533380
145475611
82541132
156098599
67470909
59858061
50556734
193809269
35048
208965296
85001395
193237567
193237557
191508196
145455481
189204095
68478855
68478748
164661281
170589711
119196021
116192513
85118254
67901116
170092191
169623945
171702420
115401694
119481811
134110868
154271382
71002246
156063218
154294420
149247922
168693427
168693425
148921406
148921404
148921402
148921400
148921398
148921396
148921394
148921392
121716120
46806146
38637434
38637163
34394884
147834809
147789470
147784447
147780468
147772926
162479660
162479577
162479576
162479575
162479574
162479573
162479553
162479552
159105664
148595744
148595742
148595740
148595738
148595736
148595734
148595730
148595728
148595726
148595724
148595722
148595720
148804189
145045987
145045661
145045503
125135819
125135436
125135434
125135432
125135430
125135429
125135394
125135392
38566961
7630040
89271974
11994374
10178107
9864380
19173108
71006156
70570416
53127366
44903521
53971986
40742935
46438207
46438152
50258564
47228766
46250705
46097117
42665884
9293997
32260012
23479614
3059229
2826786
2398523
2398521
737496
1586551
53361
