669307468
669307467
669266795
669266793
669222334
667273405
75274379
75213441
75180950
75164335
74756792
44889075
44888553
44888551
44888486
44888485
44888348
13638437
115845
115844
664736177
664736175
664736173
664736171
664736169
664736167
664736165
663278853
663278850
663278847
663278839
663053150
662538681
662523149
662518075
662506190
590724626
590724622
590724619
590636232
590633020
590620580
590620576
590620573
590614219
590584040
590575515
590575512
590575508
590575504
590575500
590575496
662201846
661897900
661888750
661885968
661878989
661877532
661877068
661874569
528891991
661184528
661179374
660966880
659122739
659122737
659121698
659099091
659099089
659099087
659097597
659097595
659097593
659097591
659097589
659084527
659084525
659078110
658857664
658857662
658857660
658857657
658165607
293331313
226510315
658064245
658064243
658064241
658064239
658064237
658064235
658055131
658049514
658049512
658049510
658032034
658029558
658023040
658018150
658017370
658005226
658005224
658005222
658005220
658005218
658005216
657999118
657989807
657982715
657967144
657961259
657949752
657947213
657764050
657764048
657764045
657764042
657764039
657529420
657529417
657529414
657529411
657529408
657529405
657529402
657529399
657529396
657529393
657529389
657400216
657397892
657393303
657393302
657379978
657373351
657372614
355486599
355483571
355483570
355479374
74997143
68067398
68067380
122217
115846
657009066
656917825
649120144
656185927
655841226
655841223
655841219
655841216
655841213
655841209
291396178
291396176
654164476
530279101
530279049
530278823
530278786
530278767
530278732
530278707
530278687
530278665
530278621
530278068
530277892
648161718
647401085
645168899
645168794
645168621
645168591
645168490
645168481
645168455
645168451
645168440
645167998
646393078
646306706
646300055
332078245
332078244
148879356
3879640
645274125
645274123
645271775
645250566
645243994
645243992
645243989
645243987
645243985
645243982
645243980
645243977
645243975
645241936
645241934
645241931
645238258
645011794
645011792
645011790
645011788
645011786
643737367
643733878
643727805
643726126
643724683
643713038
643705966
345494838
642919805
642122012
641981853
641864739
641864738
641864737
641864736
641864735
641856503
641856502
641856501
641856500
641856499
641856498
641851778
641846218
641846217
641842340
641842339
641842338
641842337
641842336
641842335
641842334
641834718
641834717
641777880
641777877
641777875
641777873
641777871
641777869
641777867
641777860
641720956
641676163
641655928
641580678
530643366
530643356
530643354
530643352
530643350
530643348
189236433
640923848
640807616
640807614
640807612
639574643
639560310
637295951
637295946
637295941
637295937
637295933
636749799
508785427
508783071
508783070
508783069
508783068
508783067
508783066
508779939
508779938
508779937
508778242
508717415
508716610
508704783
508704782
508704781
636606531
636588987
636584313
161016831
84029364
81174955
81174954
75191640
75161428
75146690
74854909
6754848
635507743
635362159
130137
635095265
635095263
635095261
635095259
635095257
635095255
635095253
635095251
635095249
635095247
634835423
634835420
634835417
634353343
226501698
149387212
148232437
119624426
119624425
119624424
119624423
119624422
119624421
119624420
119624419
119624418
633055596
633043539
632963028
632963026
632915289
576698371
631373712
631239732
630970416
630919211
630909925
630349147
630188464
630008709
629717486
629698379
629643226
629126011
629126010
629125791
629114776
629104342
629104341
629104340
629100339
629084815
629081772
629081753
628832069
628324121
628315332
628298893
628247143
628203019
628073255
627819403
627812111
604348100
604334598
604320412
604317256
604316944
604311890
604299188
604299187
604298016
625292419
625292417
625292415
625292413
625292411
625292409
354499419
620973882
620973879
620973877
620973875
620973873
149626193
149626191
614552861
614552849
614552834
614552791
618810309
618018842
618018839
618018827
618018824
432864862
405120167
617632673
617457946
617457943
617457939
617457936
617457933
617457929
615474185
615407900
75057828
612395923
119370556
44888319
44888317
567173229
567173226
567171043
567146251
567122392
567122388
126309829
557998100
607985639
607973884
607961660
607949527
607937495
607925599
607913521
607901395
607890024
607866849
607363662
602692286
602692283
602692281
602692279
602692277
602632346
602632344
602632342
599381089
599356423
599151217
599100316
598063507
598049057
597974599
597927082
597876461
597876460
597865794
597865793
597741835
597741833
597741831
597741829
597574221
597572225
596008679
596008666
595960311
595878242
595874000
595810004
595809325
596727255
596551199
146325830
146325829
595775572
595504766
595479088
594720179
594626682
594626680
594626678
594626676
594626674
594626672
594626670
594626668
594626666
589115887
7662342
594091651
594091649
594091647
594091645
594091643
594091641
593799897
593799895
593799893
593799891
593793014
593793012
593783135
593700083
593692318
593690360
593690358
593560473
593560007
593266616
593266614
593263276
593263274
593263272
593263270
591378040
591378038
591378036
591378034
591378032
591378030
584414364
557721443
63079683
63079680
593759473
593759471
593759469
593759467
593759465
593759463
593759461
593759459
593759457
303301786
591498443
591498442
591498441
591498440
591498439
591480614
591480613
591480612
591480611
591454614
591454613
591454612
591454611
591454610
591415050
591415049
591415048
591415047
591415046
591415045
591415044
443899217
591318021
591318019
591318017
591318015
591318013
591318011
586760163
586726174
586706726
586675285
586642681
392998178
590059088
590059087
590059086
590059085
590046721
590046720
590046719
590046718
590046717
590046716
590046715
590046714
590013362
590002726
589991959
589973123
589968960
589968958
589968956
589272146
11496974
4505389
588891834
588259014
587954428
587925725
587917193
587905122
587886424
587848651
587842192
587838998
